333.348	1.0
333.679	4.0
334.011	5.0
334.343	0.0
334.674	0.0
335.006	2.0
335.338	3.0
335.670	2.0
336.002	7.0
336.334	5.0
336.666	6.0
336.998	6.0
337.330	2.0
337.662	-1.0
337.994	2.0
338.326	1.0
338.658	0.0
338.990	-2.0
339.323	-2.0
339.655	-1.0
339.987	-3.0
340.320	-2.0
340.652	0.0
340.984	1.0
341.317	0.0
341.649	0.0
341.982	4.0
342.314	3.0
342.647	-4.0
342.979	-1.0
343.312	-2.0
343.645	-1.0
343.978	0.0
344.310	1.0
344.643	-2.0
344.976	0.0
345.309	0.0
345.642	-3.0
345.975	2.0
346.308	-1.0
346.641	2.0
346.974	-2.0
347.307	-2.0
347.640	1.0
347.973	1.0
348.306	-1.0
348.639	1.0
348.972	2.0
349.306	1.0
349.639	0.0
349.972	1.0
350.306	-1.0
350.639	2.0
350.972	5.0
351.306	4.0
351.639	4.0
351.973	6.0
352.306	5.0
352.640	6.0
352.974	14.0
353.307	10.0
353.641	5.0
353.975	2.0
354.309	2.0
354.642	3.0
354.976	8.0
355.310	12.0
355.644	11.0
355.978	21.0
356.312	24.0
356.646	32.0
356.980	34.0
357.314	30.0
357.648	22.0
357.982	12.0
358.316	4.0
358.651	-1.0
358.985	0.0
359.319	-2.0
359.653	-2.0
359.988	-1.0
360.322	2.0
360.656	1.0
360.991	4.0
361.325	3.0
361.660	2.0
361.994	2.0
362.329	2.0
362.664	1.0
362.998	0.0
363.333	-3.0
363.668	1.0
364.002	3.0
364.337	4.0
364.672	2.0
365.007	2.0
365.342	2.0
365.676	6.0
366.011	4.0
366.346	3.0
366.681	2.0
367.016	-2.0
367.351	-1.0
367.687	-2.0
368.022	-3.0
368.357	0.0
368.692	1.0
369.027	1.0
369.363	4.0
369.698	5.0
370.033	7.0
370.369	4.0
370.704	5.0
371.039	0.0
371.375	-2.0
371.710	2.0
372.046	1.0
372.381	0.0
372.717	4.0
373.053	6.0
373.388	4.0
373.724	11.0
374.060	16.0
374.395	14.0
374.731	18.0
375.067	17.0
375.403	8.0
375.739	4.0
376.075	3.0
376.411	-3.0
376.747	1.0
377.083	5.0
377.419	1.0
377.755	8.0
378.091	11.0
378.427	10.0
378.763	11.0
379.099	20.0
379.436	15.0
379.772	18.0
380.108	23.0
380.445	10.0
380.781	4.0
381.117	4.0
381.454	-3.0
381.790	1.0
382.127	2.0
382.463	3.0
382.800	6.0
383.137	2.0
383.473	1.0
383.810	4.0
384.147	8.0
384.483	-1.0
384.820	4.0
385.157	5.0
385.494	4.0
385.831	5.0
386.167	11.0
386.504	7.0
386.841	15.0
387.178	15.0
387.515	19.0
387.852	25.0
388.189	40.0
388.527	46.0
388.864	63.0
389.201	93.0
389.538	126.0
389.875	171.0
390.213	197.0
390.550	206.0
390.887	248.0
391.225	222.0
391.562	104.0
391.899	19.0
392.237	6.0
392.574	7.0
392.912	5.0
393.250	8.0
393.587	3.0
393.925	5.0
394.262	8.0
394.600	-1.0
394.938	1.0
395.276	9.0
395.613	6.0
395.951	4.0
396.289	6.0
396.627	3.0
396.965	2.0
397.303	8.0
397.641	3.0
397.979	7.0
398.317	11.0
398.655	11.0
398.993	15.0
399.331	15.0
399.669	10.0
400.008	3.0
400.346	3.0
400.684	-5.0
401.022	4.0
401.361	10.0
401.699	2.0
402.037	4.0
402.376	7.0
402.714	3.0
403.053	5.0
403.391	10.0
403.730	3.0
404.068	7.0
404.407	9.0
404.746	11.0
405.084	14.0
405.423	16.0
405.762	9.0
406.101	8.0
406.439	6.0
406.778	6.0
407.117	1.0
407.456	3.0
407.795	1.0
408.134	3.0
408.473	5.0
408.812	2.0
409.151	1.0
409.490	2.0
409.829	2.0
410.168	2.0
410.508	5.0
410.847	0.0
411.186	5.0
411.525	6.0
411.865	3.0
412.204	2.0
412.543	7.0
412.883	3.0
413.222	8.0
413.562	5.0
413.901	4.0
414.241	1.0
414.580	8.0
414.920	0.0
415.259	6.0
415.599	3.0
415.939	5.0
416.278	3.0
416.618	8.0
416.958	2.0
417.298	3.0
417.637	5.0
417.977	4.0
418.317	7.0
418.657	13.0
418.997	11.0
419.337	7.0
419.677	15.0
420.017	9.0
420.357	6.0
420.697	13.0
421.037	14.0
421.378	10.0
421.718	17.0
422.058	16.0
422.398	23.0
422.739	25.0
423.079	28.0
423.419	32.0
423.760	26.0
424.100	16.0
424.441	24.0
424.781	38.0
425.122	49.0
425.462	74.0
425.803	89.0
426.143	115.0
426.484	126.0
426.825	151.0
427.165	181.0
427.506	180.0
427.847	100.0
428.187	10.0
428.528	6.0
428.869	8.0
429.210	1.0
429.551	3.0
429.892	3.0
430.233	-1.0
430.574	0.0
430.915	5.0
431.256	1.0
431.597	-4.0
431.938	2.0
432.279	0.0
432.620	6.0
432.962	10.0
433.303	4.0
433.644	8.0
433.985	9.0
434.327	4.0
434.668	1.0
435.010	4.0
435.351	-3.0
435.692	-1.0
436.034	0.0
436.375	1.0
436.717	4.0
437.058	5.0
437.400	1.0
437.742	0.0
438.083	5.0
438.425	1.0
438.767	5.0
439.109	4.0
439.450	-2.0
439.792	1.0
440.134	5.0
440.476	3.0
440.818	6.0
441.160	6.0
441.502	3.0
441.844	0.0
442.186	8.0
442.528	2.0
442.870	6.0
443.212	0.0
443.554	-2.0
443.896	2.0
444.238	4.0
444.581	-5.0
444.923	3.0
445.265	3.0
445.608	1.0
445.950	8.0
446.292	7.0
446.635	5.0
446.977	6.0
447.320	5.0
447.662	6.0
448.005	9.0
448.347	11.0
448.690	8.0
449.032	3.0
449.375	0.0
449.718	1.0
450.060	8.0
450.403	2.0
450.746	0.0
451.089	5.0
451.431	4.0
451.774	-6.0
452.117	3.0
452.460	0.0
452.803	-1.0
453.146	5.0
453.489	3.0
453.832	3.0
454.175	3.0
454.518	5.0
454.861	2.0
455.204	8.0
455.548	4.0
455.891	9.0
456.234	4.0
456.577	4.0
456.921	5.0
457.264	4.0
457.607	8.0
457.951	1.0
458.294	5.0
458.638	3.0
458.981	6.0
459.325	4.0
459.668	7.0
460.012	4.0
460.355	0.0
460.699	1.0
461.042	3.0
461.386	3.0
461.730	8.0
462.074	3.0
462.417	10.0
462.761	11.0
463.105	9.0
463.449	9.0
463.793	17.0
464.137	13.0
464.481	22.0
464.824	23.0
465.168	13.0
465.513	3.0
465.857	10.0
466.201	8.0
466.545	8.0
466.889	6.0
467.233	10.0
467.577	11.0
467.921	15.0
468.266	20.0
468.610	30.0
468.954	33.0
469.299	30.0
469.643	39.0
469.987	57.0
470.332	77.0
470.676	60.0
471.021	18.0
471.365	4.0
471.710	1.0
472.054	2.0
472.399	3.0
472.744	4.0
473.088	6.0
473.433	3.0
473.778	2.0
474.122	4.0
474.467	0.0
474.812	2.0
475.157	2.0
475.502	-2.0
475.847	0.0
476.191	0.0
476.536	2.0
476.881	3.0
477.226	1.0
477.571	2.0
477.916	-1.0
478.262	6.0
478.607	3.0
478.952	4.0
479.297	2.0
479.642	5.0
479.987	3.0
480.333	4.0
480.678	1.0
481.023	6.0
481.369	4.0
481.714	4.0
482.059	8.0
482.405	5.0
482.750	6.0
483.096	2.0
483.441	3.0
483.787	3.0
484.132	1.0
484.478	3.0
484.824	2.0
485.169	7.0
485.515	11.0
485.861	6.0
486.206	3.0
486.552	10.0
486.898	7.0
487.244	8.0
487.590	7.0
487.935	3.0
488.281	5.0
488.627	8.0
488.973	0.0
489.319	0.0
489.665	4.0
490.011	2.0
490.357	-3.0
490.703	3.0
491.050	2.0
491.396	0.0
491.742	6.0
492.088	-1.0
492.434	4.0
492.781	2.0
493.127	-2.0
493.473	4.0
493.820	4.0
494.166	-3.0
494.512	4.0
494.859	10.0
495.205	3.0
495.552	6.0
495.898	6.0
496.245	2.0
496.591	4.0
496.938	1.0
497.285	-1.0
497.631	4.0
497.978	4.0
498.325	3.0
498.671	2.0
499.018	4.0
499.365	12.0
499.712	13.0
500.059	16.0
500.405	5.0
500.752	5.0
501.099	4.0
501.446	5.0
501.793	2.0
502.140	3.0
502.487	1.0
502.834	3.0
503.181	6.0
503.529	4.0
503.876	-1.0
504.223	3.0
504.570	8.0
504.917	-3.0
505.265	-2.0
505.612	6.0
505.959	-1.0
506.306	3.0
506.654	0.0
507.001	-4.0
507.349	5.0
507.696	3.0
508.044	1.0
508.391	6.0
508.739	-1.0
509.086	3.0
509.434	5.0
509.781	6.0
510.129	5.0
510.477	9.0
510.824	1.0
511.172	-2.0
511.520	-2.0
511.868	1.0
512.215	-1.0
512.563	1.0
512.911	5.0
513.259	3.0
513.607	6.0
513.955	5.0
514.303	0.0
514.651	4.0
514.999	2.0
515.347	0.0
515.695	2.0
516.043	-2.0
516.391	0.0
516.739	7.0
517.087	6.0
517.436	2.0
517.784	10.0
518.132	1.0
518.480	5.0
518.829	2.0
519.177	0.0
519.525	0.0
519.874	1.0
520.222	-1.0
520.571	5.0
520.919	11.0
521.268	10.0
521.616	10.0
521.965	19.0
522.313	18.0
522.662	15.0
523.011	9.0
523.359	11.0
523.708	4.0
524.057	7.0
524.405	5.0
524.754	3.0
525.103	8.0
525.452	4.0
525.801	-2.0
526.150	9.0
526.498	8.0
526.847	6.0
527.196	8.0
527.545	8.0
527.894	8.0
528.243	-7.0
528.592	3.0
528.941	1.0
529.291	1.0
529.640	3.0
529.989	2.0
530.338	5.0
530.687	4.0
531.037	6.0
531.386	4.0
531.735	6.0
532.084	3.0
532.434	4.0
532.783	8.0
533.132	0.0
533.482	5.0
533.831	5.0
534.181	2.0
534.530	4.0
534.880	4.0
535.229	8.0
535.579	3.0
535.929	7.0
536.278	6.0
536.628	0.0
536.978	-2.0
537.327	-2.0
537.677	5.0
538.027	5.0
538.377	3.0
538.726	3.0
539.076	13.0
539.426	2.0
539.776	1.0
540.126	6.0
540.476	9.0
540.826	7.0
541.176	6.0
541.526	13.0
541.876	0.0
542.226	9.0
542.576	6.0
542.926	7.0
543.276	6.0
543.627	-1.0
543.977	-2.0
544.327	1.0
544.677	6.0
545.028	5.0
545.378	4.0
545.728	6.0
546.079	4.0
546.429	4.0
546.779	4.0
547.130	3.0
547.480	8.0
547.831	3.0
548.181	0.0
548.532	1.0
548.882	6.0
549.233	0.0
549.584	8.0
549.934	-3.0
550.285	4.0
550.636	6.0
550.986	0.0
551.337	0.0
551.688	3.0
552.039	2.0
552.389	2.0
552.740	0.0
553.091	3.0
553.442	6.0
553.793	1.0
554.144	7.0
554.495	11.0
554.846	5.0
555.197	2.0
555.548	11.0
555.899	6.0
556.250	5.0
556.601	1.0
556.952	3.0
557.303	9.0
557.655	6.0
558.006	6.0
558.357	6.0
558.708	12.0
559.060	8.0
559.411	4.0
559.762	6.0
560.114	11.0
560.465	11.0
560.817	4.0
561.168	13.0
561.519	6.0
561.871	2.0
562.223	6.0
562.574	8.0
562.926	1.0
563.277	6.0
563.629	4.0
563.980	3.0
564.332	2.0
564.684	4.0
565.036	2.0
565.387	-2.0
565.739	1.0
566.091	5.0
566.443	8.0
566.795	13.0
567.146	2.0
567.498	19.0
567.850	23.0
568.202	13.0
568.554	13.0
568.906	-3.0
569.258	5.0
569.610	3.0
569.962	5.0
570.314	4.0
570.667	11.0
571.019	5.0
571.371	4.0
571.723	11.0
572.075	10.0
572.428	14.0
572.780	27.0
573.132	12.0
573.484	14.0
573.837	20.0
574.189	17.0
574.541	20.0
574.894	17.0
575.246	21.0
575.599	9.0
575.951	5.0
576.304	14.0
576.656	5.0
577.009	19.0
577.361	12.0
577.714	13.0
578.067	23.0
578.419	23.0
578.772	17.0
579.125	19.0
579.478	22.0
579.830	8.0
580.183	9.0
580.536	9.0
580.889	8.0
581.242	15.0
581.594	22.0
581.947	26.0
582.300	19.0
582.653	19.0
583.006	17.0
583.359	27.0
583.712	23.0
584.065	21.0
584.418	14.0
584.771	12.0
585.125	16.0
585.478	17.0
585.831	9.0
586.184	14.0
586.537	14.0
586.890	11.0
587.244	22.0
587.597	28.0
587.950	15.0
588.304	26.0
588.657	11.0
589.010	23.0
589.364	19.0
589.717	19.0
590.071	24.0
590.424	6.0
590.778	11.0
591.131	12.0
591.485	12.0
591.838	9.0
592.192	11.0
592.546	14.0
592.899	16.0
593.253	17.0
593.607	11.0
593.960	19.0
594.314	24.0
594.668	22.0
595.022	27.0
595.375	23.0
595.729	16.0
596.083	21.0
596.437	18.0
596.791	24.0
597.145	25.0
597.499	18.0
597.853	21.0
598.207	30.0
598.561	29.0
598.915	25.0
599.269	28.0
599.623	31.0
599.977	26.0
600.331	25.0
600.685	25.0
601.040	22.0
601.394	17.0
601.748	12.0
602.102	12.0
602.457	16.0
602.811	16.0
603.165	15.0
603.520	26.0
603.874	18.0
604.228	23.0
604.583	29.0
604.937	22.0
605.292	25.0
605.646	26.0
606.001	18.0
606.355	18.0
606.710	17.0
607.064	7.0
607.419	4.0
607.774	9.0
608.128	8.0
608.483	9.0
608.838	10.0
609.192	5.0
609.547	19.0
609.902	16.0
610.257	18.0
610.612	17.0
610.966	19.0
611.321	17.0
611.676	16.0
612.031	13.0
612.386	12.0
612.741	3.0
613.096	2.0
613.451	7.0
613.806	8.0
614.161	6.0
614.516	12.0
614.871	18.0
615.226	20.0
615.581	14.0
615.937	12.0
616.292	19.0
616.647	11.0
617.002	5.0
617.357	8.0
617.713	13.0
618.068	8.0
618.423	6.0
618.779	1.0
619.134	1.0
619.489	4.0
619.845	12.0
620.200	6.0
620.556	5.0
620.911	10.0
621.267	2.0
621.622	5.0
621.978	11.0
622.333	6.0
622.689	4.0
623.045	6.0
623.400	8.0
623.756	10.0
624.112	3.0
624.467	6.0
624.823	7.0
625.179	3.0
625.535	-5.0
625.890	3.0
626.246	3.0
626.602	3.0
626.958	6.0
627.314	4.0
627.670	10.0
628.026	8.0
628.382	16.0
628.738	7.0
629.093	12.0
629.450	18.0
629.806	12.0
630.162	17.0
630.518	18.0
630.874	11.0
631.230	15.0
631.586	10.0
631.942	11.0
632.298	8.0
632.655	12.0
633.011	6.0
633.367	7.0
633.724	8.0
634.080	5.0
634.436	11.0
634.792	12.0
635.149	14.0
635.505	14.0
635.862	23.0
636.218	11.0
636.575	18.0
636.931	17.0
637.288	14.0
637.644	20.0
638.001	18.0
638.357	22.0
638.714	20.0
639.070	18.0
639.427	14.0
639.784	12.0
640.140	11.0
640.497	11.0
640.854	9.0
641.211	10.0
641.567	8.0
641.924	13.0
642.281	14.0
642.638	17.0
642.995	21.0
643.352	16.0
643.708	21.0
644.065	21.0
644.422	26.0
644.779	26.0
645.136	30.0
645.493	29.0
645.850	23.0
646.207	18.0
646.564	19.0
646.922	5.0
647.279	14.0
647.636	21.0
647.993	23.0
648.350	15.0
648.707	14.0
649.065	15.0
649.422	18.0
649.779	26.0
650.136	32.0
650.494	34.0
650.851	37.0
651.208	36.0
651.566	34.0
651.923	41.0
652.281	36.0
652.638	47.0
652.996	47.0
653.353	37.0
653.711	38.0
654.068	38.0
654.426	19.0
654.783	18.0
655.141	32.0
655.498	55.0
655.856	69.0
656.214	40.0
656.571	25.0
656.929	34.0
657.287	36.0
657.644	46.0
658.002	51.0
658.360	59.0
658.718	63.0
659.076	60.0
659.434	51.0
659.791	49.0
660.149	62.0
660.507	67.0
660.865	65.0
661.223	60.0
661.581	64.0
661.939	54.0
662.297	36.0
662.655	30.0
663.013	22.0
663.371	18.0
663.729	18.0
664.087	20.0
664.446	22.0
664.804	24.0
665.162	28.0
665.520	43.0
665.878	46.0
666.237	54.0
666.595	62.0
666.953	56.0
667.311	52.0
667.670	48.0
668.028	55.0
668.386	53.0
668.745	62.0
669.103	62.0
669.462	56.0
669.820	58.0
670.179	44.0
670.537	25.0
670.896	28.0
671.254	23.0
671.613	19.0
671.971	19.0
672.330	12.0
672.689	15.0
673.047	20.0
673.406	25.0
673.765	26.0
674.123	37.0
674.482	41.0
674.841	45.0
675.199	43.0
675.558	52.0
675.917	42.0
676.276	46.0
676.635	43.0
676.994	47.0
677.352	43.0
677.711	49.0
678.070	44.0
678.429	38.0
678.788	20.0
679.147	10.0
679.506	16.0
679.865	15.0
680.224	11.0
680.583	9.0
680.942	11.0
681.302	7.0
681.661	14.0
682.020	7.0
682.379	9.0
682.738	17.0
683.097	20.0
683.457	20.0
683.816	20.0
684.175	20.0
684.534	14.0
684.894	25.0
685.253	22.0
685.612	20.0
685.972	23.0
686.331	14.0
686.691	17.0
687.050	18.0
687.409	8.0
687.769	6.0
688.128	5.0
688.488	8.0
688.847	4.0
689.207	6.0
689.567	3.0
689.926	0.0
690.286	2.0
690.645	3.0
691.005	-6.0
691.365	1.0
691.724	-2.0
692.084	-3.0
692.444	2.0
692.804	-3.0
693.163	-1.0
693.523	5.0
693.883	5.0
694.243	1.0
694.603	5.0
694.963	2.0
695.322	1.0
695.682	4.0
696.042	1.0
696.402	-2.0
696.762	-2.0
697.122	-5.0
697.482	0.0
697.842	4.0
698.202	0.0
698.562	-4.0
698.922	4.0
699.282	4.0
699.643	2.0
700.003	2.0
700.363	2.0
700.723	-3.0
701.083	3.0
701.444	0.0
701.804	1.0
702.164	2.0
702.524	5.0
702.885	1.0
703.245	4.0
703.605	3.0
703.966	0.0
704.326	5.0
704.686	3.0
705.047	1.0
705.407	2.0
705.768	3.0
706.128	1.0
706.489	5.0
706.849	5.0
707.210	1.0
707.570	3.0
707.931	5.0
708.291	3.0
708.652	7.0
709.013	5.0
709.373	5.0
709.734	4.0
710.095	8.0
710.455	2.0
710.816	6.0
711.177	7.0
711.538	10.0
711.898	10.0
712.259	9.0
712.620	6.0
712.981	10.0
713.342	10.0
713.703	5.0
714.063	13.0
714.424	10.0
714.785	10.0
715.146	7.0
715.507	11.0
715.868	12.0
716.229	10.0
716.590	6.0
716.951	5.0
717.312	6.0
717.673	5.0
718.035	6.0
718.396	3.0
718.757	7.0
719.118	6.0
719.479	10.0
719.840	5.0
720.202	13.0
720.563	7.0
720.924	12.0
721.285	17.0
721.647	22.0
722.008	25.0
722.369	29.0
722.731	35.0
723.092	33.0
723.453	32.0
723.815	30.0
724.176	32.0
724.538	30.0
724.899	32.0
725.261	32.0
725.622	32.0
725.984	29.0
726.345	35.0
726.707	32.0
727.068	29.0
727.430	17.0
727.791	13.0
728.153	18.0
728.515	15.0
728.876	12.0
729.238	10.0
729.600	9.0
729.961	11.0
730.323	14.0
730.685	17.0
731.047	16.0
731.408	19.0
731.770	22.0
732.132	27.0
732.494	39.0
732.856	37.0
733.218	46.0
733.580	56.0
733.941	61.0
734.303	59.0
734.665	61.0
735.027	50.0
735.389	48.0
735.751	59.0
736.113	65.0
736.475	61.0
736.837	65.0
737.200	56.0
737.562	51.0
737.924	67.0
738.286	57.0
738.648	25.0
739.010	17.0
739.372	21.0
739.735	20.0
740.097	17.0
740.459	11.0
740.821	10.0
741.184	12.0
741.546	21.0
741.908	19.0
742.271	26.0
742.633	30.0
742.995	30.0
743.358	39.0
743.720	55.0
744.082	58.0
744.445	69.0
744.807	74.0
745.170	85.0
745.532	90.0
745.895	105.0
746.257	111.0
746.620	99.0
746.982	87.0
747.345	93.0
747.708	98.0
748.070	99.0
748.433	108.0
748.796	93.0
749.158	82.0
749.521	102.0
749.884	118.0
750.246	74.0
750.609	39.0
750.972	42.0
751.335	41.0
751.697	28.0
752.060	20.0
752.423	14.0
752.786	10.0
753.149	15.0
753.512	12.0
753.875	13.0
754.237	21.0
754.600	27.0
754.963	30.0
755.326	35.0
755.689	51.0
756.052	53.0
756.415	65.0
756.778	73.0
757.141	86.0
757.504	95.0
757.868	95.0
758.231	101.0
758.594	94.0
758.957	86.0
759.320	88.0
759.683	103.0
760.046	96.0
760.410	104.0
760.773	115.0
761.136	92.0
761.499	82.0
761.863	108.0
762.226	100.0
762.589	54.0
762.953	46.0
763.316	41.0
763.679	30.0
764.043	29.0
764.406	23.0
764.769	11.0
765.133	17.0
765.496	19.0
765.860	20.0
766.223	19.0
766.587	21.0
766.950	23.0
767.314	29.0
767.677	34.0
768.041	37.0
768.405	50.0
768.768	57.0
769.132	70.0
769.495	85.0
769.859	101.0
770.223	101.0
770.586	106.0
770.950	102.0
771.314	85.0
771.678	89.0
772.041	102.0
772.405	103.0
772.769	96.0
773.133	115.0
773.496	106.0
773.860	90.0
774.224	90.0
774.588	118.0
774.952	98.0
775.316	51.0
775.680	32.0
776.044	41.0
776.408	147.0
776.772	319.0
777.136	296.0
777.500	100.0
777.864	9.0
778.228	7.0
778.592	6.0
778.956	2.0
779.320	4.0
779.684	4.0
780.048	3.0
780.412	8.0
780.776	8.0
781.140	1.0
781.505	4.0
781.869	8.0
782.233	10.0
782.597	6.0
782.961	8.0
783.326	8.0
783.690	12.0
784.054	10.0
784.419	7.0
784.783	9.0
785.147	12.0
785.512	10.0
785.876	11.0
786.240	10.0
786.605	10.0
786.969	11.0
787.334	12.0
787.698	6.0
788.063	10.0
788.427	10.0
788.792	6.0
789.156	10.0
789.521	8.0
789.885	4.0
790.250	7.0
790.614	8.0
790.979	4.0
791.344	4.0
791.708	3.0
792.073	2.0
792.438	-1.0
792.802	0.0
793.167	-3.0
793.532	0.0
793.896	4.0
794.261	1.0
794.626	5.0
794.991	1.0
795.355	-4.0
795.720	2.0
796.085	4.0
796.450	0.0
796.815	3.0
797.180	1.0
797.545	2.0
797.909	6.0
798.274	7.0
798.639	4.0
799.004	8.0
799.369	8.0
799.734	7.0
800.099	9.0
800.464	9.0
800.829	5.0
801.194	12.0
801.559	5.0
801.924	3.0
802.289	5.0
802.655	5.0
803.020	-1.0
803.385	5.0
803.750	6.0
804.115	3.0
804.480	7.0
804.846	7.0
805.211	6.0
805.576	2.0
805.941	7.0
806.306	3.0
806.672	-1.0
807.037	3.0
807.402	0.0
807.768	6.0
808.133	0.0
808.498	2.0
808.864	6.0
809.229	4.0
809.594	5.0
809.960	9.0
810.325	10.0
810.691	5.0
811.056	16.0
811.422	9.0
811.787	2.0
812.153	2.0
812.518	2.0
812.884	0.0
813.249	2.0
813.615	3.0
813.980	2.0
814.346	6.0
814.712	5.0
815.077	2.0
815.443	2.0
815.809	4.0
816.174	-4.0
816.540	4.0
816.906	-1.0
817.271	-2.0
817.637	3.0
818.003	16.0
818.369	18.0
818.734	11.0
819.100	3.0
819.466	2.0
819.832	3.0
820.198	5.0
820.563	10.0
820.929	30.0
821.295	34.0
821.661	25.0
822.027	14.0
822.393	8.0
822.759	-3.0
823.125	2.0
823.491	9.0
823.857	11.0
824.223	10.0
824.589	-1.0
824.955	-2.0
825.321	0.0
825.687	1.0
826.053	0.0
826.419	2.0
826.785	2.0
827.151	1.0
827.517	2.0
827.883	1.0
828.250	-1.0
828.616	4.0
828.982	2.0
829.348	-2.0
829.714	1.0
830.081	2.0
830.447	-3.0
830.813	3.0
831.179	1.0
831.546	-1.0
831.912	3.0
832.278	1.0
832.645	-1.0
833.011	3.0
833.377	2.0
833.744	0.0
834.110	5.0
834.476	4.0
834.843	-1.0
835.209	2.0
835.576	4.0
835.942	-5.0
836.309	0.0
836.675	-2.0
837.042	-1.0
837.408	1.0
837.775	0.0
838.141	-3.0
838.508	-1.0
838.874	4.0
839.241	-1.0
839.608	-1.0
839.974	0.0
840.341	1.0
840.707	6.0
841.074	4.0
841.441	0.0
841.808	6.0
842.174	6.0
842.541	5.0
842.908	1.0
843.274	2.0
843.641	9.0
844.008	58.0
844.375	65.0
844.741	27.0
845.108	11.0
845.475	6.0
845.842	3.0
846.209	7.0
846.576	10.0
846.943	3.0
847.309	10.0
847.676	9.0
848.043	7.0
848.410	7.0
848.777	9.0
849.144	5.0
849.511	7.0
849.878	9.0
850.245	5.0
850.612	7.0
850.979	11.0
851.346	10.0
851.713	10.0
852.080	9.0
852.447	4.0
852.814	5.0
853.182	8.0
853.549	8.0
853.916	9.0
854.283	4.0
854.650	4.0
855.017	6.0
855.385	3.0
855.752	4.0
856.119	5.0
856.486	5.0
856.853	-1.0
857.221	0.0
857.588	0.0
857.955	2.0
858.323	5.0
858.690	8.0
859.057	6.0
859.425	7.0
859.792	6.0
860.159	10.0
860.527	3.0
860.894	5.0
861.261	6.0
861.629	6.0
861.996	17.0
862.364	21.0
862.731	22.0
863.099	23.0
863.466	15.0
863.834	25.0
864.201	31.0
864.569	26.0
864.936	37.0
865.304	46.0
865.671	41.0
866.039	43.0
866.407	47.0
866.774	41.0
867.142	56.0
867.509	83.0
867.877	90.0
868.245	75.0
868.612	54.0
868.980	38.0
869.348	45.0
869.715	53.0
870.083	48.0
870.451	42.0
870.819	51.0
871.186	52.0
871.554	57.0
871.922	39.0
872.290	20.0
872.658	18.0
873.025	16.0
873.393	11.0
873.761	11.0
874.129	15.0
874.497	7.0
874.865	3.0
875.233	3.0
875.601	2.0
875.969	4.0
876.336	8.0
876.704	0.0
877.072	4.0
877.440	5.0
877.808	2.0
878.176	5.0
878.544	8.0
878.912	4.0
879.280	5.0
879.648	8.0
880.017	10.0
880.385	12.0
880.753	14.0
881.121	15.0
881.489	17.0
881.857	24.0
882.225	23.0
882.593	26.0
882.962	36.0
883.330	32.0
883.698	40.0
884.066	48.0
884.434	44.0
884.803	48.0
885.171	49.0
885.539	48.0
885.907	40.0
886.276	40.0
886.644	41.0
887.012	49.0
887.380	49.0
887.749	42.0
888.117	49.0
888.485	53.0
888.854	47.0
889.222	44.0
889.591	37.0
889.959	37.0
890.327	52.0
890.696	49.0
891.064	31.0
891.433	21.0
891.801	16.0
892.170	11.0
892.538	17.0
892.907	12.0
893.275	6.0
893.644	8.0
894.012	2.0
894.381	-2.0
894.749	2.0
895.118	1.0
895.486	3.0
895.855	5.0
896.224	-1.0
896.592	-1.0
896.961	2.0
897.329	0.0
897.698	-7.0
898.067	2.0
898.435	-1.0
898.804	-3.0
899.173	3.0
899.542	-4.0
899.910	-3.0
900.279	1.0
900.648	-3.0
901.017	0.0
901.385	0.0
901.754	-1.0
902.123	-3.0
902.492	2.0
902.860	0.0
903.229	-4.0
903.598	2.0
903.967	4.0
904.336	2.0
904.705	7.0
905.074	2.0
905.443	1.0
905.811	3.0
906.180	-1.0
906.549	-1.0
906.918	1.0
907.287	-2.0
907.656	-6.0
908.025	1.0
908.394	2.0
908.763	-1.0
909.132	2.0
909.501	-1.0
909.870	-4.0
910.239	3.0
910.608	1.0
910.977	0.0
911.346	4.0
911.716	4.0
912.085	-2.0
912.454	2.0
912.823	-2.0
913.192	2.0
913.561	7.0
913.930	3.0
914.299	1.0
914.669	4.0
915.038	4.0
915.407	-1.0
915.776	6.0
916.146	-2.0
916.515	-1.0
916.884	5.0
917.253	0.0
917.623	-1.0
917.992	8.0
918.361	5.0
918.730	4.0
919.100	8.0
919.469	2.0
919.838	1.0
920.208	2.0
920.577	0.0
920.946	-2.0
921.316	5.0
921.685	1.0
922.055	0.0
922.424	4.0
922.793	0.0
923.163	0.0
923.532	2.0
923.902	5.0
924.271	-5.0
924.641	4.0
925.010	3.0
925.380	2.0
925.749	14.0
926.119	12.0
926.488	5.0
926.858	6.0
927.227	5.0
927.597	-3.0
927.967	3.0
928.336	-1.0
928.706	-2.0
929.075	1.0
929.445	2.0
929.815	-4.0
930.184	1.0
930.554	1.0
930.924	-2.0
931.293	1.0
931.663	2.0
932.033	-3.0
932.402	4.0
932.772	2.0
933.142	1.0
933.511	5.0
933.881	0.0
934.251	-5.0
934.621	3.0
934.991	3.0
935.360	0.0
935.730	7.0
936.100	2.0
936.470	1.0
936.840	5.0
937.209	3.0
937.579	-1.0
937.949	7.0
938.319	14.0
938.689	14.0
939.059	13.0
939.429	9.0
939.799	3.0
940.168	5.0
940.538	4.0
940.908	0.0
941.278	7.0
941.648	1.0
942.018	0.0
942.388	7.0
942.758	-1.0
943.128	1.0
943.498	4.0
943.868	-1.0
944.238	1.0
944.608	1.0
944.978	0.0
945.348	-5.0
945.718	2.0
946.089	2.0
946.459	-4.0
946.829	5.0
947.199	1.0
947.569	-2.0
947.939	4.0
948.309	-2.0
948.679	-3.0
949.050	0.0
949.420	2.0
949.790	-3.0
950.160	0.0
950.530	-4.0
950.901	-3.0
951.271	1.0
951.641	-1.0
952.011	-3.0
952.382	2.0
952.752	-4.0
953.122	-5.0
953.492	0.0
953.863	-1.0
954.233	-4.0
954.603	5.0
954.974	4.0
955.344	-3.0
955.714	0.0
956.085	-2.0
956.455	-4.0
956.825	2.0
957.196	0.0
957.566	-2.0
957.936	3.0
958.307	3.0
958.677	-2.0
959.048	4.0
959.418	3.0
959.789	-3.0
960.159	3.0
960.529	3.0
960.900	-5.0
961.270	6.0
961.641	3.0
962.011	-1.0
962.382	3.0
962.752	0.0
963.123	-3.0
963.494	3.0
963.864	3.0
964.235	-2.0
964.605	2.0
964.976	2.0
965.346	-4.0
965.717	1.0
966.088	1.0
966.458	-1.0
966.829	2.0
967.199	4.0
967.570	1.0
967.941	4.0
968.311	3.0
968.682	-1.0
969.053	6.0
969.423	-3.0
969.794	-4.0
970.165	-1.0
970.535	-1.0
970.906	-7.0
971.277	-3.0
971.648	-3.0
972.018	0.0
972.389	3.0
972.760	1.0
973.131	-3.0
973.502	3.0
973.872	0.0
974.243	-3.0
974.614	4.0
974.985	-3.0
975.356	-2.0
975.726	-1.0
976.097	2.0
976.468	-2.0
976.839	2.0
977.210	8.0
977.581	3.0
977.952	1.0
978.323	3.0
978.693	0.0
979.064	0.0
979.435	1.0
979.806	-5.0
980.177	3.0
980.548	0.0
980.919	-2.0
981.290	4.0
981.661	1.0
982.032	2.0
982.403	4.0
982.774	3.0
983.145	7.0
983.516	7.0
983.887	1.0
984.258	0.0
984.629	2.0
985.000	0.0
985.371	2.0
985.742	4.0
986.113	7.0
986.484	3.0
986.856	8.0
987.227	6.0
987.598	1.0
987.969	4.0
988.340	1.0
988.711	0.0
989.082	1.0
989.454	6.0
989.825	1.0
990.196	2.0
990.567	3.0
990.938	5.0
991.309	5.0
991.681	5.0
992.052	4.0
992.423	5.0
992.794	4.0
993.166	2.0
993.537	4.0
993.908	4.0
994.279	0.0
994.651	0.0
995.022	5.0
995.393	0.0
995.764	2.0
996.136	1.0
996.507	0.0
996.878	4.0
997.250	1.0
997.621	-1.0
997.992	-1.0
998.364	2.0
998.735	-1.0
999.106	-1.0
999.478	4.0
999.849	0.0
1000.221	1.0
1000.592	2.0
1000.963	-1.0
1001.335	0.0
1001.706	6.0
1002.078	0.0
1002.449	1.0
1002.821	3.0
1003.192	0.0
1003.564	1.0
1003.935	2.0
1004.306	0.0
1004.678	4.0
1005.049	2.0
1005.421	1.0
1005.792	-1.0
1006.164	-1.0
1006.535	3.0
1006.907	2.0
1007.279	2.0
1007.650	3.0
1008.022	-1.0
1008.393	1.0
1008.765	0.0
1009.136	-2.0
1009.508	0.0
1009.880	0.0
1010.251	3.0
1010.623	5.0
1010.994	5.0
1011.366	2.0
1011.738	3.0
1012.109	3.0
1012.481	4.0
1012.853	1.0
1013.224	-1.0
1013.596	-1.0
1013.968	1.0
1014.339	1.0
1014.711	3.0
1015.083	4.0
1015.454	3.0
1015.826	2.0
1016.198	-4.0
1016.570	-1.0
1016.941	3.0
1017.313	-1.0
1017.685	-1.0
1018.057	0.0
1018.428	1.0
1018.800	-1.0
1019.172	4.0
1019.544	0.0
1019.915	1.0
1020.287	0.0
1020.659	1.0
1021.031	0.0
1021.403	0.0
1021.775	2.0
1022.146	-2.0
1022.518	0.0
1022.890	2.0
1023.262	2.0
1023.634	3.0
1024.006	2.0
1024.378	-3.0
1024.749	1.0
1025.121	-2.0
1025.493	2.0
1025.865	1.0
1026.237	3.0
1026.609	-1.0
1026.981	4.0
1027.353	0.0
1027.725	-3.0
1028.097	0.0
1028.469	3.0
1028.841	1.0
1029.213	0.0
1029.585	2.0
1029.957	-3.0
1030.329	1.0
1030.701	-1.0
1031.073	3.0
1031.445	-1.0
1031.817	3.0
1032.189	3.0
1032.561	0.0
1032.933	5.0
1033.305	-2.0
1033.677	1.0
1034.049	2.0
1034.421	-4.0
1034.793	-3.0
1035.165	3.0
1035.537	1.0
1035.909	3.0
1036.281	2.0
1036.653	0.0
1037.025	2.0
1037.398	2.0
1037.770	-2.0
1038.142	3.0
1038.514	3.0
1038.886	-2.0
1039.258	0.0
1039.630	3.0
1040.003	-1.0
1040.375	6.0
1040.747	3.0
1041.119	4.0
1041.491	6.0
1041.863	4.0
1042.236	2.0
1042.608	2.0
1042.980	4.0
1043.352	1.0
1043.725	2.0
1044.097	2.0
1044.469	0.0
1044.841	2.0
1045.213	4.0
1045.586	4.0
1045.958	5.0
1046.330	4.0
1046.703	3.0
1047.075	2.0
1047.447	5.0
1047.819	-1.0
1048.192	0.0
1048.564	4.0
1048.936	2.0
1049.309	2.0
1049.681	5.0
1050.053	2.0
1050.426	6.0
1050.798	6.0
1051.170	2.0
1051.543	4.0
1051.915	2.0
1052.287	7.0
1052.660	3.0
1053.032	1.0
1053.405	-1.0
1053.777	-1.0
1054.149	2.0
1054.522	-1.0
1054.894	3.0
1055.267	7.0
1055.639	1.0
1056.011	-1.0
1056.384	3.0
1056.756	-2.0
1057.129	2.0
1057.501	-5.0
1057.874	-2.0
1058.246	0.0
1058.618	3.0
1058.991	-1.0
1059.363	3.0
1059.736	2.0
1060.108	4.0
1060.481	2.0
1060.853	4.0
1061.226	-3.0
1061.598	-2.0
1061.971	-1.0
1062.343	1.0
1062.716	2.0
1063.088	-2.0
1063.461	-4.0
1063.834	-1.0
1064.206	3.0
